10,214
10,150
10,196
10,274
10,184
10,110
10,92
10,3
0,414
9,6
9,4
9,2
8,12
8,15
8,11
8,6
8,5
18,1
18,3
14,1
14,3
13,1
13,3
71,243
71,242
71,241
71,240
71,239
71,238
71,237
71,236
71,235
71,234
71,233
71,232
71,231
71,230
71,229
71,228
71,49
71,47
71,46
71,45
71,44
71,43
71,42
71,41
71,40
71,39
71,38
71,37
71,9
71,8
71,7
71,6
71,5
71,4
71,3
71,1
20,3
20,2
20,1
19,3
2,2
2,1
2,3
19,2
19,1
12,3
12,2
12,1
11,30
11,29
11,28
11,27
11,26
11,25
11,24
11,23
11,22
11,21
11,20
11,19
11,18
11,17
11,16
11,15
11,14
11,13
11,12
11,11
11,10
11,9
11,8
11,7
11,6
11,5
11,4
11,3
11,2
11,1
10,316
10,313
10,311
10,310
10,308
10,307
10,306
10,303
