71,658
71,657
71,656
71,655
71,654
71,653
71,652
71,651
71,650
71,649
71,648
71,647
71,646
71,645
71,644
71,643
71,642
71,641
71,640
71,639
71,638
71,637
71,636
71,635
71,634
71,633
71,632
71,631
71,630
71,629
71,628
71,627
71,626
71,625
71,624
71,623
71,622
71,621
71,620
71,619
71,618
71,617
71,616
71,615
71,614
71,613
71,612
71,611
71,610
71,609
71,608
71,607
71,606
71,605
71,604
71,603
71,602
71,601
71,600
71,599
71,598
71,597
71,596
71,49
71,47
71,595
71,594
71,593
71,592
71,591
71,590
71,589
71,588
71,587
71,586
71,585
71,584
71,583
71,582
71,581
71,580
71,579
71,578
71,577
71,576
71,575
71,574
71,573
71,572
71,571
71,570
71,569
71,568
71,48
71,567
71,566
71,565
71,564
71,563
71,562
71,561
71,560
71,559
71,558
71,557
71,556
71,555
71,554
71,553
71,552
71,551
71,550
71,549
71,548
71,547
71,546
71,545
71,544
71,543
71,542
71,541
71,540
71,539
71,538
71,537
71,536
71,535
71,534
71,533
71,532
71,531
71,530
71,46
71,529
71,528
71,527
71,526
71,525
71,524
71,523
71,522
71,521
71,520
71,519
71,518
71,517
71,516
71,515
71,514
71,513
71,512
71,511
71,510
71,509
71,508
71,507
71,506
71,505
71,504
71,503
71,502
71,501
71,500
71,499
71,498
71,497
71,496
71,495
71,494
71,493
71,492
71,491
71,490
71,489
71,488
71,487
71,486
71,485
71,484
71,483
71,482
71,481
71,480
71,479
71,478
71,477
71,476
71,475
71,474
71,473
71,472
71,471
71,470
71,469
71,468
71,467
71,466
71,465
71,464
71,45
71,463
71,462
71,461
71,460
71,459
71,458
71,457
71,456
71,455
71,454
71,453
71,452
71,451
71,450
71,449
71,448
71,447
71,446
71,445
71,444
71,443
71,442
71,441
71,440
71,439
71,438
71,437
71,436
71,435
71,434
71,433
71,432
71,431
71,430
71,429
71,428
71,427
71,426
71,425
71,424
71,423
71,422
71,421
71,420
71,419
71,418
71,417
71,416
71,415
71,414
71,413
71,412
71,411
71,410
71,409
71,408
71,407
71,406
71,405
71,404
71,403
71,402
71,401
71,400
71,399
71,398
71,42
71,397
71,396
71,395
71,394
71,393
71,392
71,391
71,390
71,44
71,43
71,389
71,388
71,387
71,386
71,385
71,384
71,383
71,382
71,381
71,380
71,379
71,378
71,377
71,376
71,375
71,374
71,373
71,372
71,371
71,370
71,369
71,368
71,367
71,366
71,365
71,364
71,363
71,362
71,361
71,360
71,359
71,358
71,357
71,356
71,355
71,354
71,353
71,352
71,351
71,350
71,349
71,348
71,347
71,346
71,345
71,344
71,343
71,342
71,341
71,340
71,339
71,338
71,337
71,336
71,335
71,334
71,333
71,332
71,331
71,41
71,330
71,329
71,328
71,327
71,326
71,325
71,324
71,323
71,322
71,321
71,320
71,319
71,318
71,317
71,316
71,315
71,314
71,313
71,312
71,311
71,310
71,309
71,308
71,307
71,306
71,305
71,304
71,303
71,302
71,301
71,300
71,299
71,298
71,297
71,296
71,295
71,294
71,293
71,292
71,291
71,290
71,289
71,288
71,287
71,286
71,285
71,284
71,283
71,282
71,281
71,280
71,279
71,278
71,277
71,276
71,275
71,274
71,273
71,272
71,271
71,270
71,269
71,268
71,267
71,266
71,265
71,40
71,264
71,263
71,262
71,261
71,260
71,259
71,258
71,257
71,256
71,255
71,254
71,253
71,252
71,251
71,250
71,249
71,248
71,247
71,246
71,245
71,244
71,243
71,242
71,241
71,240
71,239
71,238
71,237
71,236
71,235
71,234
71,233
71,232
71,231
71,230
71,229
71,228
71,227
71,226
71,225
71,224
71,223
71,222
71,221
71,220
71,219
71,218
71,217
71,216
71,215
71,214
71,213
71,212
71,211
71,210
71,209
71,208
71,207
71,206
71,205
71,204
71,203
71,202
71,201
71,200
71,199
71,39
71,198
71,197
71,196
71,195
71,194
71,193
71,192
71,191
71,190
71,189
71,188
71,187
71,186
71,185
71,184
71,183
71,182
71,181
71,180
71,179
71,178
71,177
71,176
71,175
71,174
71,173
71,172
71,171
71,170
71,169
71,168
71,167
71,166
71,165
71,164
71,163
71,162
71,161
71,160
71,159
71,158
71,157
71,156
71,155
71,154
71,153
71,152
71,151
71,150
71,149
71,148
71,147
71,146
71,145
71,144
71,143
71,142
71,141
71,140
71,139
71,138
71,137
71,136
71,135
71,134
71,133
71,132
71,38
71,131
71,130
71,129
71,128
71,127
71,126
71,125
71,124
71,123
71,122
71,121
71,120
71,119
71,118
71,117
71,116
71,115
71,114
71,113
71,112
71,111
71,110
71,109
71,108
71,107
71,106
71,105
71,104
71,103
71,102
71,101
71,100
71,99
71,37
71,4
71,98
71,97
71,96
71,95
71,94
71,93
71,92
71,91
71,90
71,89
71,88
71,87
71,86
71,85
71,84
71,83
71,82
71,81
71,80
71,79
71,78
71,77
71,76
71,75
71,74
71,73
71,72
71,71
71,70
71,69
71,68
71,67
71,66
71,65
71,64
71,36
71,35
71,34
71,33
71,32
71,31
71,30
71,29
71,28
71,27
71,26
71,25
71,24
71,23
71,22
71,21
71,20
71,19
71,18
71,17
71,16
71,15
71,14
71,13
71,12
71,11
71,10
71,9
71,8
71,7
71,6
71,5
71,3
71,2
71,1
71,0
70,658
70,657
70,656
70,655
70,654
70,653
70,652
70,651
70,650
70,649
70,648
70,647
70,646
70,645
70,644
70,643
70,642
70,641
70,640
70,639
70,638
70,637
70,636
70,635
70,634
70,633
70,632
70,631
70,630
70,629
70,628
70,627
70,626
70,625
70,624
70,623
70,622
70,621
70,620
70,619
70,618
70,617
70,616
70,615
70,614
70,613
70,612
70,611
70,610
70,609
70,608
70,607
70,606
70,605
70,604
70,603
70,602
70,601
70,600
70,599
70,598
70,597
70,596
70,49
70,47
70,595
70,594
70,593
70,592
70,591
70,590
70,589
70,588
70,587
70,586
70,585
70,584
70,583
70,582
70,581
70,580
70,579
70,578
70,577
70,576
70,575
70,574
70,573
70,572
70,571
70,570
70,569
70,568
70,48
70,567
70,566
70,565
70,564
70,563
70,562
70,561
70,560
70,559
70,558
70,557
70,556
70,555
70,554
70,553
70,552
70,551
70,550
70,549
70,548
70,547
70,546
70,545
70,544
70,543
70,542
70,541
70,540
70,539
70,538
70,537
70,536
70,535
70,534
70,533
70,532
70,531
70,530
70,46
70,529
70,528
70,527
70,526
70,525
70,524
70,523
70,522
70,521
70,520
70,519
70,518
70,517
70,516
70,515
70,514
70,513
70,512
70,511
70,510
70,509
70,508
70,507
70,506
70,505
70,504
70,503
70,502
70,501
70,500
70,499
70,498
70,497
70,496
70,495
70,494
70,493
70,492
70,491
70,490
70,489
70,488
70,487
70,486
70,485
70,484
70,483
70,482
70,481
70,480
70,479
70,478
70,477
70,476
70,475
70,474
70,473
70,472
70,471
70,470
70,469
70,468
70,467
70,466
70,465
70,464
70,45
70,463
70,462
70,461
70,460
70,459
70,458
70,457
70,456
70,455
70,454
70,453
70,452
70,451
70,450
70,449
70,448
70,447
70,446
70,445
70,444
70,443
70,442
70,441
70,440
70,439
70,438
70,437
70,436
70,435
70,434
70,433
70,432
70,431
70,430
70,429
70,428
70,427
70,426
70,425
70,424
70,423
70,422
70,421
70,420
70,419
70,418
70,417
70,416
70,415
70,414
70,413
70,412
70,411
70,410
70,409
70,408
70,407
70,406
70,405
70,404
70,403
70,402
70,401
70,400
70,399
70,398
70,42
70,397
70,396
70,395
70,394
70,393
70,392
70,391
70,390
70,44
70,43
70,389
70,388
70,387
70,386
70,385
70,384
70,383
70,382
70,381
70,380
70,379
70,378
70,377
70,376
70,375
70,374
70,373
70,372
70,371
70,370
70,369
70,368
70,367
70,366
70,365
70,364
70,363
70,362
70,361
70,360
70,359
70,358
70,357
70,356
70,355
70,354
70,353
70,352
70,351
70,350
70,349
70,348
70,347
70,346
70,345
70,344
70,343
70,342
70,341
70,340
70,339
70,338
70,337
70,336
70,335
70,334
70,333
70,332
70,331
70,41
70,330
70,329
70,328
70,327
70,326
70,325
70,324
70,323
70,322
70,321
70,320
70,319
70,318
70,317
70,316
70,315
70,314
70,313
70,312
70,311
70,310
70,309
70,308
70,307
70,306
70,305
70,304
70,303
70,302
70,301
70,300
70,299
70,298
70,297
70,296
70,295
70,294
70,293
70,292
70,291
70,290
70,289
70,288
70,287
70,286
70,285
70,284
70,283
70,282
70,281
70,280
70,279
70,278
70,277
70,276
70,275
70,274
70,273
70,272
70,271
70,270
70,269
70,268
70,267
70,266
70,265
70,40
70,264
70,263
70,262
70,261
70,260
70,259
70,258
70,257
70,256
70,255
70,254
70,253
70,252
70,251
70,250
70,249
70,248
70,247
70,246
70,245
70,244
70,243
70,242
70,241
70,240
70,239
70,238
70,237
70,236
70,235
70,234
70,233
70,232
70,231
70,230
70,229
70,228
70,227
70,226
70,225
70,224
70,223
70,222
70,221
70,220
70,219
70,218
70,217
70,216
70,215
70,214
70,213
70,212
70,211
70,210
70,209
70,208
70,207
70,206
70,205
70,204
70,203
70,202
70,201
70,200
70,199
70,39
70,198
70,197
70,196
70,195
70,194
70,193
70,192
70,191
70,190
70,189
70,188
70,187
70,186
70,185
70,184
70,183
70,182
70,181
70,180
70,179
70,178
70,177
70,176
70,175
70,174
70,173
70,172
70,171
70,170
70,169
70,168
70,167
70,166
70,165
70,164
70,163
70,162
70,161
70,160
70,159
70,158
70,157
70,156
70,155
70,154
70,153
70,152
70,151
70,150
70,149
70,148
70,147
70,146
70,145
70,144
70,143
70,142
70,141
70,140
70,139
70,138
70,137
70,136
70,135
70,134
70,133
70,132
70,38
70,131
70,130
70,129
70,128
70,127
70,126
70,125
70,124
70,123
70,122
70,121
70,120
70,119
70,118
70,117
70,116
70,115
70,114
70,113
70,112
70,111
70,110
70,109
70,108
70,107
70,106
70,105
70,104
70,103
70,102
70,101
70,100
70,99
70,37
70,4
70,98
70,97
70,96
70,95
70,94
70,93
70,92
70,91
70,90
70,89
70,88
70,87
70,86
70,85
70,84
70,83
70,82
70,81
70,80
70,79
70,78
70,77
70,76
70,75
70,74
70,73
70,72
70,71
70,70
70,69
70,68
70,67
70,66
70,65
70,64
70,36
70,35
70,34
70,33
70,32
70,31
70,30
70,29
70,28
70,27
70,26
70,25
70,24
70,23
70,22
70,21
70,20
70,19
70,18
70,17
70,16
70,15
70,14
70,13
70,12
70,11
70,10
70,9
70,8
70,7
70,6
70,5
70,3
70,2
70,1
70,0
69,4
69,3
69,2
69,1
69,0
68,4
68,3
68,2
68,1
68,0
67,4
67,3
67,2
67,1
67,0
66,4
66,3
66,2
66,1
66,0
65,4
65,3
65,2
65,1
65,0
64,4
64,3
64,2
64,1
64,0
63,4
63,3
63,2
0,511
63,1
63,0
0,510
62,4
0,509
0,508
62,3
62,2
0,507
0,506
62,1
62,0
0,505
61,4
0,504
0,503
61,3
61,2
61,1
61,0
60,4
60,3
60,2
0,502
60,1
60,0
59,4
59,3
59,2
0,501
59,1
59,0
58,4
58,3
58,2
0,500
58,1
58,0
0,499
57,4
57,3
57,2
0,498
57,1
57,0
0,497
56,4
56,3
56,2
0,496
56,1
56,0
0,495
55,4
0,494
0,493
55,3
55,2
0,492
55,1
55,0
0,491
0,490
54,4
0,489
0,488
0,487
0,486
54,3
54,2
0,485
54,1
54,0
0,484
0,483
53,4
0,482
0,481
0,480
53,3
53,2
0,479
53,1
53,0
0,478
0,477
52,4
0,476
0,475
0,474
52,3
52,2
0,473
52,1
52,0
0,472
0,471
51,4
0,470
0,469
0,468
51,3
51,2
0,467
